1
2
9
12
15
16
18
19
21
22
23
24
25
29
31
32
33
34
35
36
37
38
41
163882
43
131118
47
48
51
52
55
58
59
60
70
71
81
86
87
88
90
92
93
94
95
100
101
102
103
104
105
131177
107
108
109
111
112
113
116
117
118
120
123
124
125
127
128
130
131
132
133
196740
135
136
196743
140
142
143
147
148
150
151
153
155
156
157
158
159
162
166
174
175
176
177
178
181
182
183
185
186
189
190
191
196
202
203
204
205
164045
207
208
210
211
213
214
215
216
217
218
219
220
221
223
224
225
226
229
231
238
239
240
241
246
249
251
265
266
267
268
269
270
271
272
274
275
283
285
286
287
288
290
291
301
302
131377
306
307
308
309
310
311
316
317
318
319
321
323
324
326
328
329
330
331
332
334
335
131408
338
341
345
348
350
351
353
354
355
356
357
358
359
360
361
362
367
368
369
372
374
375
383
384
387
388
389
390
392
395
396
397
399
401
402
403
405
406
407
408
409
410
411
412
415
421
427
429
430
434
65975
440
443
444
445
65980
65992
65993
460
462
463
65998
466
467
468
471
472
473
474
475
476
477
478
481
482
486
488
489
490
492
131566
498
501
66037
506
513
514
522
523
197131
525
526
529
533
537
538
540
545
546
547
549
551
552
553
164395
558
563
567
570
572
573
578
579
580
581
582
583
585
586
587
590
593
594
595
596
597
598
131669
602
604
607
611
613
617
622
623
624
627
629
631
632
633
637
639
641
643
644
645
649
650
197258
652
653
654
655
657
658
659
664
667
668
669
672
673
675
676
678
682
685
686
687
688
694
695
699
701
708
710
712
713
197322
715
716
717
718
726
727
728
729
730
731
733
740
741
745
197358
755
759
760
761
763
767
768
771
773
774
775
776
777
779
780
781
782
783
784
785
788
790
794
799
800
808
810
811
813
814
815
816
817
818
131890
164656
821
822
823
824
825
826
827
829
831
832
833
834
835
836
837
840
841
842
843
844
845
846
847
857
858
860
861
862
863
864
865
867
868
871
873
875
883
887
889
890
891
131965
894
896
898
899
900
902
100303755
915
916
917
919
920
922
925
928
929
930
931
939
940
941
942
943
945
946
947
948
949
950
952
953
955
958
959
960
961
966
967
968
969
970
973
975
976
978
983
987
989
990
991
164832
994
995
996
998
999
1000
1001
1003
1004
1005
1006
1007
1009
1010
1012
1016
1017
1018
1019
1020
1021
1024
1026
1027
1028
1029
1030
1031
1032
1033
1036
1040
132112
1044
1048
1050
1051
1052
1053
1056
1058
1062
1063
1066
1068
1072
1073
1075
1080
1081
132158
1103
1105
1106
1107
1108
1111
1113
1114
1120
1121
1123
1128
1129
1130
1131
1135
1138
1140
1141
1143
1145
1147
1149
1152
1153
1154
1155
1161
1164
1173
1174
1175
1181
1182
1184
1186
1191
1192
1200
1201
1203
1207
1209
1212
1213
1230
1233
1234
1235
1236
1240
1244
1258
1260
1261
132332
1265
1266
1267
1268
1269
1270
1277
1278
1280
1281
1282
1284
1285
1286
1287
1288
1289
1290
1291
1292
1293
1294
1295
1296
1297
1298
1299
1300
1301
1303
1305
1306
1308
1310
1312
1314
1316
1317
1326
1327
1329
1340
1349
1350
1351
1352
1355
1357
1361
1363
1364
1366
1368
1371
1373
1374
1375
1376
1378
1380
1381
1382
1384
1385
1386
1387
1390
1392
1393
1395
1398
1399
1400
1401
1404
1406
1407
1408
1409
1411
1412
1420
1427
1431
1432
1434
1435
1436
1445
1448
1452
1453
1454
1457
1459
1462
1463
1464
1465
1468
1469
1471
1472
1474
1476
1482
1487
1488
1490
1491
1493
1495
1497
1499
1500
1503
1504
1508
1509
1510
1512
1513
1514
1520
1522
1523
1524
1528
1534
1535
1536
1537
1540
1543
1544
1545
1555
1557
1558
1559
1565
1571
1576
1577
1579
1581
1582
1583
1585
1588
1589
1591
1592
1594
132671
1604
1605
1607
1608
1610
1611
1612
1613
1615
1616
1618
1621
1627
1629
1630
1636
1639
1641
1642
1643
1644
1646
1647
1649
1650
1653
1654
1655
1656
1657
1662
1663
1665
1666
1668
1669
1670
1677
1678
1687
1690
1716
1717
1718
1719
132789
1723
1725
1727
1729
1733
1734
1736
1737
1738
1739
1740
1741
1742
1745
1746
1747
1748
1749
1750
1756
1759
1760
1763
1767
1769
1770
1776
1777
1778
1780
1781
1783
1785
1786
1788
1789
1793
1796
1798
1801
1804
1805
1806
1808
1811
1812
1813
1814
1815
1816
132884
1822
1823
1824
1825
1827
1828
1829
1831
1832
1834
1836
1837
1839
1840
1842
1843
1844
1845
1846
1847
1848
1855
1857
1859
1861
1869
1870
1871
1875
1876
1877
1879
1880
1889
1890
1892
1893
1894
1896
1901
1902
1906
1907
1908
1909
1911
1915
1917
1933
1938
1942
1947
1948
1950
1951
1952
1954
1956
1958
1959
1960
1962
1964
1965
1967
1968
1969
1973
1974
1975
1977
1978
1979
1981
1983
1984
1993
1994
1995
1998
1999
2000
2004
2006
2009
2010
2011
2012
2013
2014
2017
2018
2019
2020
2022
2023
2026
2028
2029
2030
2033
2034
2035
2036
2038
2041
2043
2044
2045
2047
2048
2049
2050
2052
2053
2054
2055
2056
2057
2058
2059
2063
2064
2065
2066
2067
2068
2069
2070
2071
2072
2073
2074
2077
2078
165918
2081
2091
2098
2099
2100
2101
2103
2108
2110
2113
2114
2115
2117
2118
2119
2120
2121
2122
2130
2131
2132
2138
2146
2147
2149
2150
2152
2153
2158
2159
2165
2166
2167
2168
2169
2170
2173
2175
2176
2177
2178
2180
2182
2184
2185
2186
2188
2189
2192
2194
2195
2196
2199
2200
2201
2202
2206
2207
2212
2213
2215
2218
2220
2222
2224
2232
493753
2235
2237
2239
2241
2243
2244
2245
2246
2247
2248
2249
2250
2252
2253
2254
2255
2257
2259
2260
2261
2262
2263
2264
2266
2271
2272
2273
2274
2275
2277
2280
2286
2288
2289
2290
2295
2296
2299
2304
2305
2308
2309
2312
2313
2314
2315
2316
2317
2318
2321
2322
2324
133396
2326
2328
2332
2334
2335
493856
2346
133418
2348
2350
2353
2354
2355
2356
2357
2358
2395
2444
133522
2475
2483
2487
2488
2492
2494
2495
166336
2512
2517
2521
2524
2526
2529
2530
2531
2533
2534
2535
2537
2538
2539
166378
166379
2542
2543
2547
2548
2549
2550
2551
2553
2554
2555
2556
2557
2558
2560
2561
2562
2565
2566
2567
2568
2570
2580
2581
2583
2584
2587
2588
2591
2592
2596
2597
199221
133686
2617
2618
2619
2620
2621
2622
2623
2624
2625
2626
2627
2628
2629
2633
2634
2637
2638
2639
2641
2643
2645
2650
2651
2653
2660
2661
2662
2664
2665
2668
2670
2671
2672
2673
2674
2676
2677
2683
2693
2695
2697
2700
2702
2703
2705
2706
2707
2709
2710
2717
2719
2720
2729
2730
2731
2733
2735
2736
2737
2739
2740
2742
2744
2746
2747
2752
2760
2766
2767
2768
2770
2771
2773
2774
2776
2778
2779
2780
2781
2782
2784
2787
2788
2796
2798
2799
2803
2804
2805
2806
2810
2811
2812
2813
2815
2817
2819
2820
2821
2823
2831
2840
2850
2852
2857
2859
2861
2868
2869
2870
2873
2876
2877
2878
2879
2885
2886
2887
2888
2890
2891
2892
2893
2894
2895
2896
2898
2899
2900
2901
2903
2904
2906
2908
2909
2911
2913
2914
2915
2916
2917
2918
2919
2920
2921
2923
2925
2931
2932
2934
2936
2937
2938
2941
2946
2947
2948
2949
2950
2953
2956
2957
2959
2961
2969
2972
2977
2979
2981
2982
2990
2992
2993
494513
2997
2998
3005
3006
3008
3009
3014
3028
3029
3030
494551
3032
3033
3034
3035
3038
3043
3052
3053
3054
3059
3061
3064
3065
3066
3068
3069
3070
3073
3074
3075
3077
3080
3081
3082
3083
3084
3087
166929
3090
3091
3094
3097
3098
3099
3105
3106
3107
3108
199713
3110
3111
3113
3117
3122
3123
3127
3131
3133
3135
3140
3141
3145
3146
134218
3148
3149
3150
3155
3156
3159
3161
3162
3163
3164
3166
3169
3170
3171
3172
3178
3181
3182
3187
3188
3190
3191
3192
3195
3198
3199
3200
3201
3202
3205
3206
3207
3209
3211
3213
3215
3218
3219
3225
3229
3231
3232
3233
3235
3236
3237
3238
3239
3248
3249
199857
3251
3257
3265
3269
3270
3273
3274
3280
3283
3284
3290
3292
3293
3294
3295
3297
3298
3299
3300
3301
3303
3305
3306
3308
3309
3310
3312
3313
3320
3321
3326
3329
3337
3339
3340
3350
3351
3352
3355
3356
3358
3359
134430
3363
3371
3373
3375
3376
3381
3383
3384
3385
3394
3397
3398
3399
3400
3416
3417
3418
3419
3420
3423
3425
3426
3429
3431
3433
3434
3437
134510
3439
3454
3455
3456
3458
3459
3460
3475
3476
3479
3480
3481
3482
3484
3485
3486
3488
3490
3491
3508
3516
200150
3547
3549
3551
3552
3553
3554
3556
3557
3558
3559
3560
3562
3565
3566
3567
3568
3569
3570
3572
3574
3575
3576
3577
3579
3586
3587
3588
3589
3590
3592
3593
3596
3597
200205
3600
3604
3605
3606
3608
3611
3612
3613
3614
3615
3617
3619
3620
3621
3623
3624
3625
167465
3627
134701
3630
3631
3632
3635
3636
3638
3643
3646
3652
3654
3655
3656
134728
3658
3659
3660
3662
3663
3664
3665
3667
3670
3672
3673
3675
3676
3678
3679
3680
3683
3685
3687
3688
3689
3690
3691
3692
3693
3694
3696
3697
3700
3702
3703
3704
3705
200315
3708
3709
3710
3712
3713
3714
3716
3717
3718
3720
3725
3726
3727
3728
3732
3735
3739
3741
3745
3746
3748
3749
3752
3753
3756
3757
3758
3759
3760
3761
3762
3763
3764
134829
3766
3767
3769
3772
3775
3776
3777
3778
3779
3781
3782
3783
3784
3785
3786
3790
3791
3795
3796
3797
3798
3799
3800
3811
3815
200424
3817
3820
3822
3827
3832
3833
3835
3836
3837
3838
3839
3841
3843
3845
3850
3851
3852
167691
3854
3855
3856
3858
3861
3866
3875
3880
3882
3891
3895
3897
3899
3903
3908
3909
3910
3911
3912
3913
3914
3915
3918
3920
3921
3925
3927
3929
3930
3931
3932
200539
3934
3936
3938
3939
3945
3949
3950
3952
3953
3954
3955
3956
3958
3959
3965
200576
3973
3975
3976
3977
3978
3980
3981
3982
3983
3984
3988
3990
3992
3993
3996
3998
4000
4001
4005
4007
4008
4009
4010
4012
4015
4016
4017
4023
4026
4035
4036
4038
4040
4041
135112
4043
4045
4046
4047
4048
4049
4052
4053
4054
4055
4056
4057
4058
4061
4066
4067
4068
4070
4074
135152
4081
4082
4084
4085
4086
4087
4088
4089
4090
4091
4092
4093
4094
4097
4099
4102
4105
4117
200728
4123
4125
4126
200734
4128
4129
4131
4133
4134
4137
4139
4140
4141
4143
4144
4145
4148
4149
4150
4152
4153
4154
4155
135228
4158
4160
4162
4163
168002
4166
4170
4171
4173
4175
4179
4189
4190
4191
4192
4193
4194
4199
4200
4204
4205
4208
4209
4211
4212
4214
4215
4216
4217
4218
4221
4223
4224
4232
4233
4237
4240
4241
4247
4249
4253
4254
4255
4256
4257
4261
4267
200879
4277
4281
4282
4283
4285
4286
4287
4288
200894
4291
4292
4293
4294
4295
4297
4298
4299
4300
4303
4306
4308
4311
4312
4313
4314
4316
4317
4318
4319
4320
4321
4322
4323
4324
200933
4327
4329
4330
200942
4335
4336
4337
4338
4340
4351
4352
4353
4354
4357
4358
4359
4360
4361
4363
4430
4436
4437
4439
4440
4478
4481
4482
4485
4486
4487
4488
4489
4493
4494
4502
4507
4508
4512
4513
4514
4519
4520
4522
4524
4535
4536
4537
4538
4539
4540
4541
4547
4548
168391
4552
201163
135644
4582
266727
135656
4585
4588
4589
4591
4594
4595
4597
4598
4599
4600
4601
4602
4603
4604
4605
266743
4607
4609
4610
4613
4615
4617
4618
4619
4620
4627
4628
4629
4633
4638
4640
4641
4642
4643
4644
4645
4646
4647
4649
4650
4651
4653
4654
4659
4660
4661
4665
4666
168507
4668
4671
4676
4680
4683
4684
201294
4688
4689
4690
4691
4692
4693
4694
4695
4696
4697
201305
4700
4704
4705
4709
4714
4716
4719
4720
4722
4723
4724
4725
4726
4728
4731
4734
4735
4736
4741
4744
4747
4750
4751
4758
4760
4761
4762
4763
4771
4772
4773
4774
4780
4781
4782
4783
4784
4790
4791
4792
4794
4795
4796
4800
4802
4804
4808
4810
4811
4814
4821
4824
4825
4826
168667
4831
4835
4837
4838
4841
4842
4843
4846
4849
4851
4852
4853
4854
4855
4860
4861
4862
135935
4864
4867
4868
4869
201475
4879
4880
4881
4883
4885
4886
4887
4891
4893
4897
4898
4899
4900
4901
4904
4905
4907
4908
4909
4913
4915
4916
4919
4920
4921
4923
4924
4925
4926
4928
4929
4935
4938
4939
4940
4942
4943
4948
4952
4953
4967
4968
4969
4973
4976
4978
4982
4983
4985
4986
4987
4988
201595
4990
4998
5000
5002
5007
5009
5010
5015
5016
5017
201626
5019
5021
5024
5025
5027
5028
5032
5034
5036
5037
5045
5048
5052
5053
5054
5055
5058
5062
5063
5066
5069
5071
5073
5074
5075
5076
5077
5079
5080
5081
5083
5087
5091
5092
5095
5096
5100
5101
5105
5106
5108
5110
5111
5116
5122
5125
5126
5127
5130
5133
5134
5138
5139
5140
5141
5142
5144
5145
5147
5148
5149
5153
5154
5155
5156
5157
5158
5159
5160
5162
5164
5166
5167
5168
5170
5172
5173
5174
5176
5178
5184
5187
136259
5189
5190
5191
5192
5193
5194
5195
5196
5199
169044
5209
5210
5211
5213
5216
5218
5223
5226
5229
5230
5236
5238
5239
5241
5243
5245
136319
5250
5251
5255
5256
5257
5260
5261
5264
5265
5267
5268
5269
5270
5272
5273
5274
5277
5283
5287
5289
5290
5291
5292
5293
5294
5295
5296
5297
5300
5305
5307
5308
5309
5310
5311
5313
5314
5315
5316
5317
5318
5321
5322
5324
5325
5327
5328
5329
5332
5333
5335
5336
5337
5338
5339
5341
5345
5346
5347
5348
5351
5352
5354
5357
5358
5359
5360
5362
5364
201973
5366
5368
5371
5373
5375
5376
5378
5395
5396
5406
202018
5413
5420
5422
5423
5424
5426
5428
5429
5430
5435
5436
5443
5444
5445
5446
5447
5450
5451
5452
5453
5454
5455
5457
5459
5460
5464
5465
5467
5468
5469
5471
5473
5476
5478
5479
5480
5481
5493
5495
5498
5500
5501
5502
5506
5515
5518
5519
5520
5521
5522
5523
5524
5525
5527
5528
5529
5530
5532
5533
5534
5537
5538
5546
5550
5562
5563
5564
5566
5567
5573
5575
136647
5577
5578
5579
5580
5581
5582
5583
5584
5585
5587
5589
5590
5591
5592
5593
5594
5595
5597
5598
5599
5600
5601
5602
5603
5604
5605
5606
5607
5608
5609
5610
5611
5618
5621
5625
5626
5627
5629
5630
5631
5638
5648
5649
5651
5652
5654
5655
5660
5662
5663
5683
5685
5686
5687
5689
5690
5692
5693
5695
5696
5698
5702
5705
5709
5714
5718
5719
5720
5723
5724
5725
202333
5727
5728
5729
5730
5732
5733
5734
5737
5740
5741
5742
5743
5744
5745
100144748
5747
5754
5756
5757
5764
202374
5768
5770
5771
169611
5774
5777
5781
5782
5784
5786
5787
5788
5789
5792
5793
5795
5796
5799
5800
5801
5802
5803
5805
5806
5813
5816
5817
5818
5819
5824
5825
5826
5828
5829
5830
5831
5832
5833
5834
5836
5837
5859
5860
5862
5864
5868
5873
5878
5879
5880
5881
5883
5885
5886
5887
5888
5889
5890
5892
5893
5894
5896
5898
5900
5901
5902
5903
5905
5906
5908
5909
5911
5914
5915
5916
5917
5919
136991
5921
5922
5923
5925
5926
5927
5932
5934
5935
5947
202559
169792
5954
5959
5962
5965
5966
5970
5971
5972
5977
5978
5979
5980
5981
5984
5987
5990
5991
5993
5994
5995
5996
5997
5999
169841
6002
6005
6007
6009
6010
6011
6013
6016
6019
6038
6039
6041
6046
6049
6051
6059
6091
6092
6094
6095
6096
6097
6098
6101
6102
6103
6117
6121
6122
6123
6125
6128
6133
6134
6135
6136
6137
6138
6139
137209
6141
6143
6144
6147
6152
6154
6155
6157
6158
6160
6165
6168
6173
6181
6182
6185
6187
6188
6191
6194
6195
6196
6197
6198
6199
6201
6202
6203
6204
6208
6209
6210
6218
6223
6224
6227
6228
6229
6231
6232
6233
6234
6235
6236
6237
6239
6240
6241
6247
6249
333929
6251
6253
6256
6257
6259
6262
6263
6271
6272
6275
6276
6277
6278
6279
6280
6281
6282
6283
6285
6286
6288
6293
6295
6297
6299
6303
6304
6305
6307
6309
6310
6311
6314
6317
6318
6319
6320
137392
6323
6324
6326
6327
6328
6329
6330
6331
6332
6334
6335
6337
6340
6341
6342
6346
6347
6348
6351
6352
6354
6355
6356
6358
6361
6363
6364
6367
6369
6372
6373
6374
6376
6382
6385
6386
6387
6389
6390
6391
6392
6399
6401
6404
6405
6415
6416
6418
137492
6421
6422
6423
6424
6425
6426
6427
6428
170261
6430
6431
6433
6434
6439
6441
6443
6444
6446
6448
6452
6453
203062
6455
203068
6462
170302
6464
6469
6470
6472
6473
6476
6478
6480
6482
6490
6491
6492
6493
6494
6495
6496
6497
6498
6499
6502
6504
6505
6506
6507
6509
6511
6512
6513
6515
6517
6518
6519
6520
6521
6522
6523
6524
6525
6528
6529
6531
6532
6533
6535
6536
6539
6540
6541
6546
6547
6548
6549
6550
170392
6556
6558
6559
6563
6565
6566
6567
6571
6573
6574
6575
6576
6578
6580
6581
6582
6583
6584
6586
6590
6591
6594
6595
6596
6597
6598
6599
6601
6602
6603
6605
399823
6608
6609
137682
6611
6614
6615
6616
6620
203228
6622
6623
6625
6628
6629
6634
6635
6637
6638
6640
6647
6648
6649
6651
6652
6653
6654
6655
6657
6658
6659
6660
6662
137735
6664
6667
6671
6674
6678
203286
6683
6688
6689
6690
6693
399909
6696
6697
6698
6708
6709
6710
6711
6712
6713
6714
6715
6718
6720
6721
6722
6723
203328
6729
6730
6731
6733
170575
6746
6748
170589
6751
6752
6753
6756
6760
6768
6769
6770
6772
6773
6774
6775
6776
6777
6778
6783
6785
6786
6787
6789
6790
6792
6793
6794
6804
6809
6811
6812
6813
6817
6821
6822
6832
6833
6836
6839
6840
170679
170680
6843
6844
6845
203447
6847
170689
6850
170691
170692
6853
6855
6857
400073
6860
6862
6863
6865
6866
6867
6868
6870
6872
6873
6876
6878
6880
6884
6885
6886
6887
6888
6890
6891
6892
6895
6897
6898
6899
6901
6902
6904
6905
6907
6908
6909
6910
6913
6915
6916
6919
6921
6925
6926
6927
6928
6929
6932
6934
6935
138009
6938
6939
203547
6941
6942
6943
6944
6945
6947
6948
6949
6950
138050
7001
727897
7003
7008
7010
7011
7014
7015
7016
7018
7019
7020
7021
7022
7024
7025
7026
7027
7029
7030
7031
7035
7037
7038
7039
7040
7042
7043
7044
7045
7046
400258
7048
7049
7050
7051
7052
7054
7056
7057
7058
7059
7066
7067
7068
7070
7071
7072
7074
7076
7077
7078
7080
7083
7084
7086
7087
7088
7090
7091
7092
7093
7094
7096
7097
7098
7099
7100
7101
7102
7106
7109
7110
7111
7112
7114
7122
7124
7126
7127
7128
7130
7132
7133
7134
7137
7139
7143
7145
7148
7150
7153
7155
7156
7157
7158
7159
7161
7162
7163
7164
7167
7168
7169
7170
7171
7172
7173
7174
7175
7178
7181
7182
171023
7184
7185
171024
7187
7188
7189
100506658
7203
7204
7220
728116
7222
7223
7224
7225
7226
7227
7248
7249
203859
7252
7253
7257
7259
7260
7262
7263
7266
7267
7270
7272
7273
7274
7275
7276
7280
7283
7284
7286
7287
7289
7290
7291
7292
7295
7296
7297
7298
7299
7301
7306
7307
7314
7317
7318
7319
7324
7325
7328
7329
7332
7334
7337
7341
7343
7345
7347
7350
7351
7352
7353
7355
7357
7358
7360
7364
7365
7366
7367
7371
7372
7373
7374
7376
7378
7381
7385
7386
7389
7390
7391
728294
7399
7403
7407
7409
7412
7414
7415
7416
7417
7421
7422
7423
7424
7425
7428
7429
7430
7431
7432
7433
7436
7441
7442
7443
7447
7448
7453
7456
7465
7466
7468
7471
7472
7473
7474
7476
7478
7479
7480
7481
7482
7486
7490
7494
7498
7504
7507
7508
7512
7514
7515
7516
7517
7520
7525
7528
7531
7532
7533
7534
7535
7536
7538
7546
7547
7552
7555
7570
7571
7592
7594
7625
7627
7681
7700
400916
7703
7704
7707
7711
400935
171568
7730
7737
7750
7763
7764
7779
7780
7781
7782
7784
7799
7802
7803
7804
7805
7809
7812
7818
7827
7832
7837
7840
7841
7844
7846
7849
7850
7852
7855
7862
7867
7869
7871
7874
7879
7884
7903
7905
7913
7915
7916
7922
7923
401145
7941
7942
7957
7965
7976
7979
7980
100507436
7984
7994
8001
8013
8019
8021
8027
8028
8029
8030
8031
8036
8038
8048
8050
8065
8073
8074
8076
8078
8079
8082
8085
8086
8087
8089
8091
8092
8100
8106
8110
8115
8120
8125
8128
8131
8139
8140
139212
8148
8165
8189
8192
8195
8200
8202
8204
8208
139285
8216
8220
8224
8239
8241
8242
8243
204851
401474
8260
8284
8288
8289
8290
8292
8295
8301
8302
8312
8313
8314
8315
8318
8320
8322
729230
139411
729262
8379
8402
8404
8405
8406
8407
8408
8409
8412
8419
8425
8431
8434
8435
8436
8437
8438
8440
8443
8445
8450
8451
8452
8453
8454
8455
8456
8462
8463
8467
8470
8471
8481
8482
8484
8490
8491
8493
8496
8497
8504
8505
8506
8516
8517
8518
8520
8522
8525
8526
8527
8528
8533
8537
8540
8542
8544
8546
8549
8553
8554
8556
139628
8558
8560
8563
8564
8565
8566
8569
8570
8572
8573
8575
8600
8604
8605
8609
8611
8613
8614
8615
8621
8622
8623
8624
8626
8633
8635
8636
8638
8639
8643
8644
8645
8647
8648
8650
8651
8653
8654
8655
8659
8660
8661
8662
8665
8666
8667
8668
8671
8673
8675
8676
8678
8682
8683
8694
8701
8708
8711
8714
8720
8722
8724
8725
8726
8728
8733
8736
8738
8740
8741
8742
8743
8744
8749
8754
8761
8763
8766
8767
8772
8773
8774
8777
8788
8789
8790
8792
8795
8797
8799
8800
8801
8802
8803
8804
8805
8807
8809
8811
8813
8815
8818
8820
8821
8822
8823
8824
8825
8826
205428
8828
8829
8831
8832
8835
8836
8837
8838
8840
8842
8848
8850
8851
8854
8856
8859
8861
8862
8863
8864
8867
8869
8870
8871
8875
8876
8877
8878
8879
8880
8884
8886
8887
8888
8890
8891
8892
8893
8894
8895
8897
8898
8899
8900
8905
8907
8908
8912
8913
8914
8915
8916
8924
8925
8927
8928
8929
8930
8932
8936
8942
8943
8945
8973
8974
8975
8976
8985
8988
8989
8991
8996
8997
8999
9002
9013
9015
9019
9020
9021
9024
9025
9026
729920
9031
9034
9037
9045
9046
9048
9049
9050
9051
9052
9054
9055
9056
9060
9064
9075
9076
9077
9080
9088
9091
9094
9095
9096
9098
9099
9101
9104
9110
9112
9113
9118
9119
9120
9123
9126
9128
9131
9133
9134
9136
9138
9145
9147
9148
9149
9150
9152
9154
9156
9158
9168
9173
9175
9177
9180
9183
9184
9185
9189
9194
9197
9200
9201
9202
9203
9204
9208
9212
9213
9214
9215
9217
9218
9219
9223
9227
9228
9230
9232
9235
9241
9244
9247
9248
9252
9253
9254
9255
9260
9267
9271
9274
9276
9277
9282
9289
9290
9294
9308
9312
9313
9314
9315
9317
9318
9319
9320
9321
9325
9326
9330
9334
9342
9343
9348
9349
9351
9353
9355
9356
9361
9364
9365
9368
9369
9370
9373
9376
9377
9378
9380
9381
9382
9394
9397
9401
9409
9411
9414
9415
9419
9420
9423
9425
9427
9429
9439
9440
9444
9445
9446
9448
9451
9455
9456
9457
9459
9462
9464
9465
9466
9468
9469
9472
9473
9474
9475
9479
9480
9481
9488
9493
9495
9496
9497
9499
9509
9510
9512
9516
9517
9518
9525
9526
9529
9531
9533
9536
140609
9538
9540
9547
9555
140628
9557
9559
9562
9563
9564
9567
9568
9570
9572
9575
9578
9581
9582
9586
9588
9590
9592
9600
9610
9611
9615
9619
9620
140691
9622
9623
9625
9628
9630
9631
9632
9635
9636
9637
9639
9640
9641
9644
9647
9649
9652
9657
140733
9662
9663
140738
9668
9672
9674
9679
9681
9682
9687
9688
9689
9690
9693
9695
9698
9699
9700
9702
9705
9706
9709
9711
9712
9722
9723
9725
9726
9728
9731
9732
9733
9734
140803
9736
9739
9742
9743
9746
9748
9750
9754
9755
9757
9758
9759
9768
9770
9772
9774
9775
9780
9782
9783
9785
9786
9787
9788
9790
9791
9793
9801
9805
9811
140885
9817
9820
9821
9824
9826
9829
140902
9832
9833
9837
9839
9841
9842
9843
9844
9846
9860
9861
9863
9869
9871
9873
9874
9877
9881
9882
9885
9886
9891
9895
9896
9897
9899
9900
9902
9907
9908
9909
9915
9920
9922
9923
9924
9926
9927
9928
9935
9939
9942
9943
9948
9949
9950
9953
9960
9961
9962
9963
9965
9966
9968
9969
9971
9973
9975
9978
9986
9987
9990
9993
9997
10000
10008
10010
10011
10013
10014
10015
10016
10018
10019
10020
10021
10024
10025
10036
10038
10040
10042
10043
10045
10046
10048
10049
10052
10056
10057
10058
10059
10060
10062
10063
10075
10076
10082
10083
10084
10085
10087
10090
10095
10096
10097
10100
10102
10105
10107
10109
10111
10112
10117
10125
10128
10129
10131
10133
10134
10135
10137
10139
10140
10142
10144
10148
10149
10154
10155
10157
10159
10160
10165
10166
10171
10178
10179
10184
337867
10188
10189
10193
10194
10195
10197
10203
10204
10210
10211
10215
10221
10225
10228
10229
10232
10236
10238
10239
10241
10243
10246
10249
10253
10257
10261
10262
10263
10265
10269
10270
10273
10274
10276
10277
10278
10279
10280
10286
10291
10293
10295
10296
10297
10299
10300
10308
10309
10318
10319
10320
10321
10327
10329
10333
10342
10343
10345
10346
10347
10349
10351
10352
10360
10363
10365
10367
10369
10370
10371
10376
10380
10381
10382
10383
10389
10391
10392
10395
10397
10398
10399
10400
10401
10403
10409
10410
10411
10412
10413
10417
10420
10437
10438
10443
10445
10449
10451
10452
10454
10456
10457
10459
10460
10461
10466
10467
10468
10472
10476
10479
10480
10481
10483
10484
10486
10487
10491
10492
10495
10497
10498
10499
10505
10512
10514
10516
10518
10519
10522
10525
10527
10528
10529
10531
10533
10535
10536
10537
10539
10542
10544
10549
10550
10551
10553
10554
10555
10557
10558
10559
10560
10561
10562
10563
10564
10565
10568
10569
10572
10574
10576
10577
10579
10580
10584
10587
10588
10589
10592
10594
10599
10602
10611
10613
10615
10616
10617
10618
10625
10628
10630
10631
10634
10641
10642
10643
10644
10645
338321
338323
338324
338328
10653
10659
10660
338339
10664
10666
10672
10673
10675
10678
10681
10682
10686
10693
10695
338382
10712
10714
10715
10716
10717
10723
10730
10733
10735
10736
10743
10746
10749
10752
10758
338442
10763
10765
10766
10769
10771
10772
10775
10785
10787
10788
10797
10800
10801
10803
10804
10806
10808
10809
10810
10814
10815
10818
10826
10841
10842
10845
10846
10847
10848
10850
10855
10857
10858
10859
10863
10875
10878
10891
10892
10893
10894
10897
10902
10907
10908
10911
10913
10916
10919
10921
10922
10924
10928
10933
10935
10939
10940
10943
10945
10946
10948
10950
10951
10955
10957
10959
10961
10963
10964
10965
10971
10973
10975
10978
10979
10980
10981
10982
10987
10989
10990
10999
11001
11004
11005
11009
11010
11011
11017
11018
11019
11024
11034
11040
11041
11043
11051
11060
11063
11065
404281
11067
11073
11074
11078
11081
11082
11083
11086
11093
11095
11096
11098
11099
11107
11113
11118
11122
11127
11128
11130
338811
11133
11136
11141
11146
11149
11151
11152
11154
11156
11160
11167
11168
11170
11171
11176
11178
11179
11181
11185
11186
11188
11193
11194
11197
11198
11200
11212
11213
11214
11216
11221
11224
11227
11228
11231
11234
11235
11236
11249
11250
11251
11252
11253
11254
11274
11278
11279
11280
11281
11284
11285
11309
11311
11315
11318
11321
11322
11329
11330
11333
11337
11340
11342
11343
11346
404672
339230
142678
339327
339390
339487
143098
143187
339829
339855
339896
143384
340024
143425
340061
143458
340156
340273
143686
143689
373156
340419
340533
143941
340706
144100
340719
144132
144165
144195
144245
340990
144453
144455
78987
78996
78997
79001
79012
79019
79023
79026
144568
79039
144577
79042
79047
79048
79053
79054
79058
341208
79068
79071
79080
79084
79087
79090
79092
79101
79137
79139
79143
79147
79149
79156
79158
144717
79184
79188
79228
79258
144811
79365
79366
374291
374354
79443
79444
79465
374393
374407
341640
79570
79571
79572
79576
79577
79581
79583
79591
79595
79600
79602
79605
79621
79625
440073
79628
112398
79631
112399
79633
79641
79644
79648
79649
79650
79651
374569
79658
79659
79661
79663
79664
79665
79668
79677
79682
79685
79689
79694
79695
79703
112476
79711
112479
79717
79718
79719
145258
79723
79727
79728
79730
79731
79733
79734
145270
79738
79742
374654
440193
145282
79750
79751
79759
79763
79770
79776
79783
79784
79796
79797
79801
79803
112574
79807
79809
79813
79822
79823
79827
440275
79831
79834
79836
79837
112609
79848
79853
79867
79868
79875
79876
79879
79882
79883
79890
79901
79902
145447
79912
79915
79923
79924
79930
79932
79933
79934
79944
79947
79949
112724
374879
79968
79969
79973
79974
79977
79983
112755
79991
80000
80004
374920
80018
80025
80028
80031
80034
112802
80036
374946
374955
112812
112817
80055
374977
80067
80070
112858
80095
80114
80127
80142
80144
375056
80146
80148
80149
80150
80155
80169
112939
80173
80178
80185
80196
80199
80204
145741
80206
80207
80208
80212
80217
80224
342371
80232
80243
80254
80264
80270
80271
80273
80303
80304
80306
80308
80310
80311
80312
80317
80323
80324
80326
80328
80331
80332
145873
80339
80342
80345
80347
113130
342510
80381
375298
440836
113189
113201
113235
113246
113251
113278
146059
375444
375449
146225
441151
80704
80714
80723
80725
80736
80739
113510
80746
342908
80774
80781
80790
342945
80816
80818
80821
80830
80832
375748
113612
80856
375790
343035
146433
474170
113791
81027
81029
441478
81031
81033
81035
81037
165904
113828
113835
113878
146664
376132
114034
343450
146862
114134
146909
147007
343637
81494
81501
114294
81545
81552
114327
81562
81565
81567
81570
81572
81578
147138
81603
81605
81607
81608
81609
81610
81620
81622
81624
81628
81631
81689
114548
81788
81792
81796
114571
81831
147372
81839
114609
147381
81846
81848
81849
81857
81876
81887
147463
81930
147495
245806
114757
114781
114784
114786
114795
114798
114803
114804
114805
114815
114822
114826
114879
114882
114885
147657
245972
114904
114907
147685
114928
147741
114990
115019
442721
246176
115111
147906
246213
147912
147929
246243
246269
115207
115209
148022
115286
49855
49860
115426
115650
115701
246778
115761
345193
148641
345274
115908
115948
148738
50484
50485
148789
50488
83259
50506
50507
50508
50509
116068
116071
116085
148867
116113
116115
50604
116150
50615
50616
50618
50619
83394
50628
345557
50649
50651
83439
83452
116228
83461
83480
83481
50717
149041
116285
83540
83544
83546
83548
83552
50801
50805
50807
149111
50809
50813
50814
83593
50838
83606
50846
50863
83636
83638
83667
116442
116443
116449
116461
149233
83699
50937
50939
50940
50943
50944
50945
83716
116496
83729
50964
83734
83737
83743
83746
116519
345895
51002
51004
51005
51008
51025
83795
51029
51035
51042
51043
51053
51057
51062
51067
51075
51079
51082
51083
51084
51085
51088
51090
51091
51092
83861
51094
51095
346007
51098
51099
51102
51103
83872
83876
51111
51112
83879
51114
149420
51117
51119
51124
51128
51129
51132
51133
51134
51135
51141
51147
51150
149461
51163
51164
83931
51166
51167
83932
83939
83943
51176
51177
51181
51182
51185
51191
51194
51196
51201
51203
51204
51218
83986
83987
83990
51224
51225
51227
83998
83999
51247
51251
51256
51259
149563
346171
84033
51267
51268
51271
51280
51284
84059
51292
51293
84061
51295
84064
51297
51299
51300
84068
51302
116840
51305
84075
51308
116844
51311
51312
51314
51316
51317
84085
51320
51322
149628
51330
84100
51338
51339
84107
51341
51343
51347
84126
51360
51361
51363
84131
84133
51366
84134
51371
84142
346288
84146
51384
51388
84159
84162
116931
84166
51399
84168
84171
84181
84187
84188
51426
51428
84196
84197
116966
51433
51441
51447
84216
51449
116987
84221
51454
84231
84233
51466
51473
51475
51477
51479
84247
84251
84254
84255
51491
84260
84263
84273
51506
51512
84281
51514
84282
641339
84285
51524
51527
84295
84300
51533
51535
51542
84314
51547
51548
84317
51550
641372
84320
51555
51561
51564
84334
51569
51571
84340
51573
84342
84343
51586
51592
51593
51594
84364
51599
51602
51603
51604
84376
117145
51614
51621
117159
51626
51643
51649
51650
51651
51655
51659
51660
84433
84439
84441
84444
84445
84446
51684
51692
84464
51701
51702
51703
51715
51725
51726
51728
51734
51735
84504
51742
51744
84515
84516
51750
51752
117289
84522
51755
84527
51761
84529
51763
84530
51765
84539
84541
51776
51778
84547
51780
84548
150094
84560
51804
84572
51807
51816
84627
84628
84632
84649
84654
84660
84662
84665
84667
84668
84669
84676
84678
84679
84687
84705
84706
84709
84720
84725
84733
84735
84790
84804
117581
117583
84817
84818
84823
150365
84864
84866
84868
84870
84873
84876
84879
84892
84894
84896
84899
84904
84905
84908
84909
84913
84916
84920
84925
84930
150468
84942
84947
150483
84951
84952
84962
84966
84976
84987
84991
85007
85015
85016
85021
347273
150684
347344
85236
85300
85301
85363
85365
85377
85378
85403
85413
85415
85416
150962
85439
85443
85446
85458
85463
85465
85476
85478
85480
347730
347733
347735
151188
118429
151246
118490
151295
151306
151354
151531
151556
118813
151636
53335
53339
151648
53345
53353
53373
282809
151742
151887
282973
53615
282996
53635
53637
152002
348654
283130
283149
53826
53832
152137
53834
53836
119391
283234
283237
348793
53904
53916
283310
283316
53947
283349
54014
119559
152330
283417
348980
283446
283450
283455
283463
54093
54101
283489
349075
54187
54205
54206
54209
54210
152518
54221
121512
54332
54344
54345
54360
54361
54386
54407
87178
54413
54414
54431
54433
54443
54453
54458
54463
54469
54475
54476
54477
152789
54487
283871
54498
54499
54502
54507
54517
54520
152831
54531
54535
54538
54539
54541
54551
283927
54556
54567
120114
54583
54584
54585
283989
54620
152926
284013
54663
54664
54674
54676
54680
284058
120227
54704
284086
54715
54716
153020
284098
54739
284119
54749
54751
54756
54765
153090
54790
54795
54796
54801
54802
54805
54806
54808
54809
54820
54821
54822
153129
54826
54829
284207
54832
54840
284217
54845
54856
54861
54862
54870
54872
284252
54877
54880
54884
54885
54887
54888
54892
54894
54897
54898
54899
153201
54901
54902
54919
54927
54928
54929
54936
153241
54938
54940
54941
54947
54949
54959
54968
54970
54974
54977
54982
120526
644815
54996
120534
55005
284382
55008
55014
55023
55024
284403
55033
55034
55035
55037
55054
55055
284439
55065
55074
55076
55084
55102
55109
55110
55112
55117
55120
55124
55131
55135
55140
55143
55145
55146
55148
55149
55151
55157
55159
55160
55163
55165
55170
55172
55180
55183
55187
55191
55193
55197
55198
55205
55206
55209
55210
55212
55213
55214
55215
55217
55219
55227
55240
55244
55245
55247
55248
55249
55250
55252
55254
55256
153562
55262
153572
55270
55275
55277
284654
55280
55281
55286
55294
55297
55300
55312
55315
55325
55328
55331
55342
55343
55350
55355
55356
55357
120892
55359
55364
55367
55379
55388
55422
55437
219285
219287
55500
55502
55503
55505
55509
55512
55521
55526
55532
55534
55553
55558
55561
22795
22797
55567
22800
22802
55572
22806
22807
22808
22809
55577
55584
22820
55589
22822
22827
55596
55599
55601
55603
55605
22843
55612
22845
55614
55616
22849
22850
22852
22853
22854
55621
22856
55624
22858
55625
55626
22861
317772
22864
22866
55635
22868
55636
317781
22871
22872
55640
22874
22878
22880
285025
55650
55651
22884
55654
22891
22897
22900
22901
22902
55669
22904
55670
22906
22907
55676
22909
121214
55679
22913
22914
55681
55684
22918
22919
55687
55690
55691
22924
22926
55697
22930
22931
22932
22933
55699
55703
55704
22937
55706
22941
22943
55714
22948
55717
22953
22954
22955
55721
55723
55726
121260
55728
55729
55733
55734
55737
55738
55739
55740
55741
22974
55742
55743
55745
22978
55746
55748
55749
22982
22983
55750
22985
55752
55755
55759
22992
55760
154064
22995
22996
55764
22998
55765
55768
23001
23005
55775
23008
55777
23011
23013
23014
55781
55783
55784
55785
23019
23020
55788
23022
55789
23025
23026
23028
285172
23030
55799
55800
285175
23034
23036
121340
23039
23040
55808
23042
23043
55809
23046
23048
55818
55819
285195
23054
55823
55824
23057
55825
55827
285203
23061
55829
55830
23064
55833
23066
55835
154141
23071
55840
23074
55843
23078
23080
23081
55851
23085
23086
121391
23090
55858
23092
23093
55862
23095
23096
55863
23098
219699
285242
23101
55869
55870
55871
55872
55876
23111
23112
55879
23114
23118
23126
23127
219736
23129
23133
23135
23136
55904
55905
23139
55906
23141
219749
23143
154215
285282
55914
23150
23152
23154
23162
23163
23164
23165
55930
219771
23169
23171
23174
23175
23177
23178
23179
23181
219790
23184
23185
23186
23187
23189
55958
23191
55959
23193
23197
23198
23199
55967
23201
23203
23204
55971
23207
23208
23209
23210
23211
23212
23213
23214
55975
23216
23217
23218
154288
23220
23221
285362
23224
23228
23229
23230
23236
23237
219844
23239
23241
23244
23245
23246
23247
23248
23250
23255
23256
23258
23259
23261
56033
56034
23269
23270
23271
23274
23279
23284
56052
23286
23287
23288
23291
23294
219902
285440
121601
23299
23301
23302
23305
23307
23308
23310
23312
23314
23315
23316
23317
23321
23322
23327
23328
23331
23334
23338
23339
23345
285489
23347
23348
23352
23353
56121
23355
23360
56128
23362
23363
219972
23365
56136
23370
23371
23373
56145
23382
23384
23385
23386
23387
23389
56160
23394
23395
23397
23400
23404
23405
23406
56172
23409
23410
23411
56180
23413
23414
23415
23417
23418
23421
23424
23428
23431
23432
23435
23436
56203
23438
285590
23451
23456
285600
23460
23461
23462
220074
23468
23469
23476
23479
23483
23491
23492
23493
56261
23495
56262
23498
23499
23500
56267
56270
23503
56271
23508
23509
23512
23513
23514
23516
56287
56288
23521
23522
23523
23526
220134
23528
23529
23530
220136
23534
23543
23544
23545
23547
23551
23552
23554
23556
285704
23562
23564
23568
23569
56342
23576
23581
23582
23586
23590
23592
23593
23594
154664
23597
23600
23601
23603
23604
23607
252983
285761
252995
23621
23624
23627
23630
23635
23636
23639
253017
23650
23657
23658
23671
23673
23678
23682
23683
23705
56475
122011
56478
56479
154796
23729
23731
23732
154810
23741
23742
23743
23746
23753
56521
23761
23764
23765
23774
56547
23780
23788
154881
56603
56606
56616
56623
56624
56649
56652
253260
56672
286053
56683
286077
56704
56776
286204
56848
56849
122416
286262
56892
56893
56894
56899
56901
24137
24138
24140
56910
24145
24147
24148
24149
56915
56916
56924
56925
56929
56938
56942
56945
56946
56947
122481
56950
56955
319100
56975
56978
56981
56983
122525
56990
56992
56994
56997
56999
57001
57003
57007
57010
89780
89781
57016
57017
122553
89795
89796
89797
57030
286410
57038
253650
57045
57057
89832
57082
122618
57084
122622
57088
57091
57094
57096
57099
57102
57104
57105
57107
57113
89884
57120
57122
89891
57124
57125
57128
57132
220972
57140
57142
89910
57144
220988
57154
57158
57162
57165
57167
253782
57175
57178
57181
57185
89953
57187
57190
57194
221035
221037
57211
57216
57217
253827
57222
221074
221079
122809
57282
286676
221150
57333
90102
57338
253959
90121
57369
90139
90141
57379
57381
90167
57405
57410
57412
122953
57419
122961
57447
57448
57449
57452
57453
221294
57455
254065
57459
57462
57465
57468
57470
57477
57479
57480
123016
57492
57496
57498
90268
57502
57505
90273
123041
57509
57510
57511
57512
286887
57514
254122
57521
57522
57526
57531
57532
57534
57535
57537
57538
57539
57545
57551
221393
57555
90326
57560
57561
57562
123096
90338
57572
57573
57575
57576
221421
90353
57586
90355
57591
57592
90362
57595
57599
57608
57610
90381
57614
57616
57617
221458
57619
57620
57623
284996
221472
57636
57643
57644
90411
57646
90417
57654
221496
90427
57661
57666
57670
57674
57678
57679
57680
57683
57688
57697
57700
57704
57705
57709
57716
57724
57728
57761
90529
57787
57798
57805
221656
254428
57822
221687
90624
221749
90678
221833
352909
221895
123606
90853
221927
90865
221981
90952
90993
91039
254887
91074
123879
91137
91147
91179
222256
58484
58485
91252
255101
58497
58499
58505
58508
58513
91289
58524
25778
25780
25782
25788
25790
25792
25793
25794
25796
25797
25800
25802
25803
25805
25814
25816
353500
25821
25824
25825
25827
25828
353514
25836
25839
25840
25842
25844
124152
25852
25855
25861
25865
91404
25873
25885
25886
25891
25894
91433
25898
25902
25903
25913
25914
25915
91452
124222
25923
222537
25930
25932
25937
222546
25939
25942
25945
222553
25953
25959
25970
25973
25974
25976
25978
91522
26005
26007
91543
26009
26010
26011
26012
26015
26018
26022
26034
26037
26038
26039
26040
91574
26047
26050
26052
26053
26054
26056
26058
26060
26061
91608
26086
26088
26090
222698
26092
124401
26098
91647
255488
26115
91653
26119
26121
26122
26123
91662
26127
26128
26130
26135
26136
26137
26140
255520
26146
26149
26150
124454
26154
26160
26173
26191
124512
91752
91754
26224
26227
26230
91768
26235
157313
26249
26253
26256
26258
26259
26266
26269
26270
91807
26272
26276
26277
26278
124583
26281
26284
26286
124590
26291
26292
91833
26298
91851
59084
124626
26330
91869
26353
255738
255758
91937
91949
157506
100820829
92002
26468
26471
26472
92014
157570
26499
59269
26503
26504
59272
26507
26508
223117
26511
59283
26519
26523
26524
26525
26528
255928
59335
92105
59338
59340
59341
26575
26576
26577
59343
59345
26580
59350
59352
26585
157657
387032
92140
157680
157697
124936
387119
92211
124989
124997
92241
92270
26750
26762
92304
92344
92345
157922
92421
125228
26960
158038
26986
26998
26999
27010
27013
27020
27022
27030
27031
27032
125336
27034
27037
27042
92579
27044
387496
387509
27063
92609
27074
27086
27087
27089
27091
256471
256472
27102
27107
27113
27115
27121
27122
27123
27125
27130
27131
92667
27133
27134
27136
27145
27146
27148
27151
27152
27161
27164
27173
27185
27201
27232
27241
27242
27245
27246
27247
27249
27250
27253
158326
387712
256646
387733
27286
27287
27295
27303
387758
27315
27324
27327
27328
27329
27330
27333
256714
27339
27340
27344
27348
27349
27350
256764
92935
27429
27436
27443
27445
158584
93099
256957
125893
60370
60386
93166
60401
257019
60412
93183
388115
93210
388125
60468
100133941
60481
60482
60487
60493
60506
60509
60526
60528
388228
60558
60561
257194
126129
257202
126133
60626
126205
60675
60678
60681
60684
60685
388389
126328
93587
93589
93611
388531
126393
93627
388552
126410
93649
93650
159195
93663
93664
388585
388591
159296
28232
28234
388698
388753
28316
126695
192286
93986
94005
388939
28514
388962
94081
94103
389015
94137
94160
94234
94235
94274
192683
553158
28952
389400
28956
28957
28962
28964
28965
28969
28973
389421
28976
28981
28982
28984
389434
28988
28996
28998
28999
29015
29058
29071
29072
29078
29079
29086
29087
29091
29102
29103
29105
29108
29110
29114
29115
29116
29119
29123
29126
29127
29128
127534
160335
160364
160418
389799
160428
127707
389856
127795
127833
127933
160728
160760
29760
29777
160851
29785
29789
259173
29801
160897
259217
259232
128178
29886
29887
259266
29893
29894
29896
29899
29901
29904
259282
29914
29920
29923
29925
29926
29927
128239
128240
29940
29942
29945
29950
29951
29954
29957
29958
29959
29967
29968
29978
29979
29980
29985
29995
29997
30000
30008
30009
30011
30012
128338
30061
30062
95681
390594
161291
63035
128611
128637
161424
161436
128674
128866
128869
161742
128989
653361
100137049
30812
30817
30818
30833
30834
30835
30837
30845
30849
653509
30968
129285
63826
63876
63891
63892
63894
63901
63904
63916
63924
63926
63929
63932
63939
63943
63967
63976
63979
63982
129563
64061
64062
64065
64067
64077
64081
64084
64087
64093
64094
64101
64105
129642
64108
162417
64116
64121
64127
64131
64132
64135
64145
64151
162466
64167
64175
64207
162514
64211
64215
64216
64221
64224
64240
64241
129787
64283
64321
64324
64326
64327
64332
64333
129880
64359
64374
64375
64376
64377
64393
64399
64405
64412
64419
64421
64423
64434
64478
326625
64506
392255
64577
64579
64581
64682
64699
64710
64754
64755
64756
64757
195828
64761
64764
64778
64780
64788
64802
130340
64837
64838
64840
64841
64843
64850
64854
64858
64859
130399
64864
64866
64902
64919
163223
359845
64946
163255
392636
64963
64968
64969
130540
65005
65018
130557
359948
65055
65057
65059
65061
65062
65078
65082
65084
65109
65125
163486
130749
65250
65258
65266
65267
196403
196441
163702
196527
196528
163786
1
2
9
12
15
16
18
19
21
22
23
24
25
29
31
32
33
34
35
36
37
38
41
163882
43
131118
47
48
51
52
55
58
59
60
70
71
81
86
87
88
90
92
93
94
95
100
101
102
103
104
105
131177
107
108
109
111
112
113
116
117
118
120
123
124
125
127
128
130
131
132
133
196740
135
136
196743
140
142
143
147
148
150
151
153
155
156
157
158
159
162
166
174
175
176
177
178
181
182
183
185
186
189
190
191
196
202
203
204
205
164045
207
208
210
211
213
214
215
216
217
218
219
220
221
223
224
225
226
229
231
238
239
240
241
246
249
251
265
266
267
268
269
270
271
272
274
275
283
285
286
287
288
290
291
301
302
131377
306
307
308
309
310
311
316
317
318
319
321
323
324
326
328
329
330
331
332
334
335
131408
338
341
345
348
350
351
353
354
355
356
357
358
359
360
361
362
367
368
369
372
374
375
383
384
387
388
389
390
392
395
396
397
399
401
402
